10,121
8,14
3,2
3,1
3,3
10,274
10,269
10,168
10,177
10,268
10,262
10,198
10,282
11,20
11,19
11,14
11,13
11,2
9,4
9,6
8,6
8,15
8,4
8,12
8,9
8,2
8,3
48,4
48,3
48,2
48,1
48,0
47,16
47,15
47,14
47,13
47,12
47,11
47,10
47,9
47,8
47,7
47,6
47,5
47,4
47,3
47,2
47,1
47,0
46,4
46,3
46,2
46,1
46,0
45,4
45,3
45,2
45,1
45,0
43,5
43,4
43,3
43,2
43,1
43,0
40,5
40,4
40,3
40,2
40,1
40,0
38,5
38,4
38,3
38,2
38,1
38,0
36,3
36,1
34,3
34,1
29,3
29,1
26,3
26,1
20,3
20,2
20,1
19,3
19,2
19,1
18,3
18,1
14,3
14,1
13,3
13,1
12,3
12,2
12,1
11,28
11,27
11,26
11,25
11,24
11,23
11,22
11,12
11,11
